21 21 21 21 21 21 21 1 42 5 421 421 421 421 421 5 5 421 421 421 421 5 431 4 2 21 21 21 21 1 4 43 43 2 21 21 21 21 21 21 21 21 21 1 42 5 421 421 421 421 421 5 431 4 2 21 21 21 21 1
21 421 421 421 421 421 421 421 5 5 5 5 321 321 431 432 431 5 321 321 431 432 431 43 42 421 21 21 21 421 431 43 32 21 21 421 21 421 421 421 421 421 421 421 5 5 5 5 321 321 431 432 431 43 42 421 21 21 21 421
4 432 5 5 5 5 5 5 5 5 5 431 42 41 432 5 431 43 42 41 432 5 431 43 432 5 421 421 421 431 43 32 21 21 41 43 4 432 5 5 5 5 5 5 5 5 5 431 42 41 432 5 431 43 432 5 421 421 421 431
43 432 5 5 5 5 5 5 5 5 5 431 432 431 432 5 431 43 432 431 432 5 431 43 432 431 432 5 5 431 432 421 421 41 43 43 43 432 5 5 5 5 5 5 5 5 5 431 432 431 432 5 431 43 432 431 432 5 5 431
43 432 321 321 321 321 321 321 5 5 5 431 432 431 432 431 43 43 432 431 432 431 43 43 432 431 432 431 432 431 432 5 5 431 43 43 43 432 321 321 321 321 321 321 5 5 5 431 432 431 432 431 43 43 432 431 432 431 432 431
43 43 2 21 21 21 21 1 432 5 5 431 32 31 432 5 431 43 32 31 432 5 431 43 432 431 432 431 432 321 321 5 5 31 43 43 43 43 2 21 21 21 21 1 432 5 5 431 32 31 432 5 431 43 432 431 432 431 432 321
43 432 421 421 21 21 421 421 5 5 5 5 421 421 5 5 431 432 421 421 5 5 431 3 432 431 432 431 32 21 21 321 431 42 31 43 43 432 421 421 21 21 421 421 5 5 5 5 421 421 5 5 431 3 432 431 432 431 32 21
43 432 431 43 42 41 432 431 43 432 5 5 5 5 5 431 432 5 5 5 5 431 432 431 432 5 5 5 421 421 421 421 431 43 42 431 43 432 431 43 42 41 432 431 43 432 5 5 5 5 5 431 432 431 432 5 5 5 421 421
43 432 431 43 432 431 432 431 43 432 5 5 321 431 43 432 31 432 321 431 43 432 321 321 321 321 321 5 5 5 5 5 431 43 432 431 43 432 431 43 432 431 432 431 43 432 5 5 321 431 43 432 321 321 321 321 321 5 5 5
43 432 431 43 432 431 432 431 43 432 431 43 4 43 432 5 421 431 4 43 432 5 421 421 421 421 421 321 321 321 321 321 31 43 432 431 43 432 431 43 432 431 432 431 43 432 431 43 4 43 432 5 421 421 421 421 421 321 321 321
43 432 431 43 432 431 432 431 43 432 431 43 43 43 432 5 5 431 43 43 432 5 5 431 432 5 431 42 21 21 21 21 21 31 432 431 43 432 431 43 432 431 432 431 43 432 431 43 43 43 432 5 5 431 432 5 431 42 21 21
43 432 431 43 432 431 432 321 321 5 431 43 43 43 432 321 5 431 43 43 432 321 5 431 432 5 431 43 42 21 21 21 421 421 5 431 43 432 431 43 432 431 432 321 321 5 431 43 43 43 432 321 5 431 432 5 431 43 42 21
3 432 431 43 432 431 43 42 41 432 431 43 43 432 431 4 432 431 43 432 431 4 432 431 432 321 431 43 43 2 21 1 432 5 5 431 3 432 431 43 432 431 43 42 41 432 431 43 43 432 431 4 432 431 432 321 431 43 43 2
421 5 431 43 432 431 43 432 431 432 431 43 3 432 431 43 432 431 3 432 431 43 432 431 432 421 431 43 432 421 421 21 321 321 5 5 421 5 431 43 432 431 43 432 431 432 431 43 3 432 431 43 432 431 432 421 431 43 432 421
5 5 431 43 32 31 43 32 31 432 431 43 421 5 431 43 432 5 421 5 431 43 432 431 432 321 431 43 432 5 431 42 421 41 432 5 5 5 431 43 32 31 43 32 31 432 431 43 421 5 431 43 432 431 432 321 431 43 432 5
321 321 431 432 421 421 5 421 421 5 431 43 5 5 431 3 432 5 5 5 431 3 432 431 432 21 431 43 432 5 431 432 5 431 432 5 321 321 431 432 421 421 5 421 421 5 431 43 5 5 431 3 432 431 432 21 431 43 432 5
42 41 432 5 5 5 5 321 5 5 5 5 5 5 5 421 5 5 5 5 5 421 5 431 43 0 43 43 32 321 431 32 321 31 432 431 42 41 432 5 5 5 5 321 5 5 5 5 5 5 5 421 5 431 43 0 43 43 32 321
432 431 32 321 321 321 431 4 432 5 321 321 5 321 321 5 5 5 5 321 321 5 5 5 5 421 431 32 21 41 432 421 421 421 5 431 432 431 32 321 321 321 431 4 432 5 321 321 5 321 321 5 5 5 5 421 431 32 21 41
432 431 42 421 421 41 43 43 432 5 421 421 431 42 41 432 5 5 431 42 41 432 5 5 5 5 321 421 41 43 32 321 321 321 5 431 432 431 42 421 421 41 43 43 432 5 421 421 431 42 41 432 5 5 5 5 321 421 41 43
32 31 32 321 321 31 43 43 432 5 5 5 431 432 431 432 5 5 431 432 431 432 5 5 5 431 4 432 431 432 21 21 21 1 432 431 32 31 32 321 321 31 43 43 432 5 5 5 431 432 431 432 5 5 5 431 4 432 431 432
21 21 21 21 421 421 431 43 432 5 5 5 431 432 431 432 431 432 431 432 431 432 431 432 431 43 43 432 431 43 42 421 21 21 321 321 21 21 21 21 421 421 431 43 432 5 5 5 431 432 431 432 431 432 431 43 43 432 431 43
21 21 21 1 432 5 431 3 432 5 431 432 431 32 31 432 431 432 431 32 31 432 431 432 431 43 43 432 431 43 432 431 2 21 21 21 21 21 21 1 432 5 431 3 432 5 431 432 431 32 31 432 431 432 431 43 43 432 431 43
421 21 21 21 5 5 5 421 5 5 431 432 5 421 421 5 5 5 5 421 421 5 5 5 431 43 43 432 431 43 32 321 21 21 21 421 421 21 21 21 5 5 5 421 5 5 431 432 5 421 421 5 5 5 431 43 43 432 431 43
43 42 421 41 432 5 321 321 321 5 431 432 5 5 5 5 5 5 5 5 5 5 5 5 5 431 3 432 431 32 21 21 21 21 41 432 431 42 421 41 432 5 321 321 321 5 431 432 5 5 5 5 5 5 5 431 3 432 431 32
43 432 321 431 432 431 2 21 1 432 431 432 5 321 321 5 5 5 5 321 321 5 5 5 5 321 21 321 321 21 421 421 421 41 43 432 431 432 321 431 432 431 2 21 1 432 431 432 5 321 321 5 5 5 5 321 21 321 321 21
43 43 4 43 432 5 421 421 421 5 431 432 431 42 41 432 431 432 431 42 41 432 431 432 431 42 421 421 421 41 432 5 5 431 43 432 431 43 4 43 432 5 421 421 421 5 431 432 431 42 41 432 431 432 431 42 421 421 421 41
43 43 43 43 432 321 321 321 5 5 431 432 431 432 431 432 431 432 431 432 431 432 431 432 431 32 321 321 321 31 432 321 321 431 43 432 431 43 43 43 432 321 321 321 5 5 431 432 431 432 431 432 431 432 431 32 321 321 321 31
43 43 3 43 43 42 421 41 432 5 431 432 431 32 31 432 431 432 431 32 31 432 431 432 431 2 421 421 421 421 431 42 41 43 43 432 431 43 3 43 43 42 421 41 432 5 431 432 431 32 31 432 431 432 431 2 421 421 421 421
43 32 21 31 43 432 5 431 432 5 431 432 5 421 421 5 431 432 5 421 421 5 431 43 43 4 432 5 5 321 431 432 431 43 43 432 431 32 21 31 43 432 5 431 432 5 431 432 5 421 421 5 431 43 43 4 432 5 5 321
432 421 421 421 431 432 5 431 432 5 431 432 5 321 321 5 431 432 5 321 321 5 431 43 43 43 432 5 431 4 34 32 31 43 43 432 5 421 421 421 431 432 5 431 432 5 431 432 5 321 321 5 431 43 43 43 432 5 431 4
5 5 5 5 431 432 5 431 432 5 431 432 431 42 41 432 5 5 431 42 41 432 5 431 43 43 432 5 431 43 432 421 421 431 43 432 5 5 5 5 431 432 5 431 432 5 431 432 431 42 41 432 5 431 43 43 432 5 431 43
432 5 5 5 431 432 5 431 432 5 431 432 431 432 431 432 5 5 431 432 431 432 5 431 43 43 432 5 431 3 432 5 5 431 43 432 5 5 5 5 431 432 5 431 432 5 431 432 431 432 431 432 5 431 43 43 432 5 431 3
432 5 5 5 431 32 321 31 432 5 431 432 431 32 31 432 5 5 431 32 31 432 5 431 43 43 32 321 321 21 321 321 321 31 43 432 5 5 5 5 431 32 321 31 432 5 431 432 431 32 31 432 5 431 43 43 32 321 321 21
432 5 5 5 5 421 421 421 5 5 5 5 5 421 421 5 5 5 5 421 421 5 5 431 43 432 21 21 21 21 21 21 21 21 31 432 5 5 5 5 5 421 421 421 5 5 5 5 5 421 421 5 5 431 43 432 21 21 21 21
321 321 5 321 321 321 321 321 5 5 5 5 321 321 321 321 5 5 321 321 321 321 5 431 43 43 42 21 21 21 21 21 421 21 21 321 321 321 5 321 321 321 321 321 5 5 5 5 321 321 321 321 5 431 43 43 42 21 21 21
1 0 3 0 2 21 1 0 432 5 5 431 432 421 421 41 432 431 432 421 421 41 432 431 43 43 43 0 2 21 21 1 432 21 21 21 1 0 3 0 2 21 1 0 432 5 5 431 432 421 421 41 432 431 43 43 43 0 2 21
41 4 4 4 42 421 41 4 432 5 5 431 432 5 5 431 432 431 432 5 5 431 432 431 43 43 43 4 42 421 421 421 431 4 42 421 41 4 4 4 42 421 41 4 432 5 5 431 432 5 5 431 432 431 43 43 43 4 42 421
31 43 43 43 32 321 31 3 432 5 5 431 32 321 321 31 432 431 32 321 321 31 432 431 43 43 43 43 432 5 5 5 431 43 32 321 31 43 43 43 32 321 31 3 432 5 5 431 32 321 321 31 432 431 43 43 43 43 432 5
1 43 43 43 2 21 1 0 432 5 5 431 21 21 21 21 321 5 21 21 21 21 321 31 43 43 43 43 432 5 5 5 431 43 2 21 1 43 43 43 2 21 1 0 432 5 5 431 21 21 21 21 321 31 43 43 43 43 432 5
41 43 43 43 42 421 421 421 5 5 5 431 421 21 421 421 21 5 421 21 421 421 21 21 31 43 43 43 432 5 5 5 431 43 42 421 41 43 43 43 42 421 421 421 5 5 5 431 421 21 421 421 21 21 31 43 43 43 432 5
431 3 3 3 43 432 431 432 5 5 5 5 431 4 432 431 42 5 431 4 432 431 42 21 21 31 43 3 32 321 321 321 431 3 432 321 431 3 3 3 43 432 431 432 5 5 5 5 431 4 432 431 42 21 21 31 43 3 32 321
431 0 0 0 432 431 432 5 5 5 431 432 431 43 342 431 43 432 431 43 342 431 43 42 421 421 431 0 2 21 21 1 43 0 432 421 431 0 0 0 432 431 432 5 5 5 431 432 431 43 342 431 43 42 421 421 431 0 2 21
5 421 41 42 5 5 5 5 5 5 431 432 431 43 43 43 43 432 431 43 43 43 43 432 5 5 5 421 421 421 421 421 5 421 5 5 5 421 41 42 5 5 5 5 5 5 431 432 431 43 43 43 43 432 5 5 5 421 421 421
432 5 5 5 5 5 5 5 5 5 431 432 431 43 43 43 43 432 431 43 43 43 43 432 431 432 5 5 431 432 5 5 5 5 5 431 432 5 5 5 5 5 5 5 5 5 431 432 431 43 43 43 43 432 431 432 5 5 431 432
5 5 431 432 5 431 432 5 5 5 431 432 431 43 43 43 43 432 431 43 43 43 43 432 431 432 321 321 321 321 5 321 321 5 5 5 5 5 431 432 5 431 432 5 5 5 431 432 431 43 43 43 43 432 431 432 321 321 321 321
431 432 5 5 5 5 321 5 5 5 431 432 431 43 43 43 43 432 431 43 43 43 43 432 431 432 421 421 421 421 431 42 41 432 321 5 431 432 5 5 5 5 321 5 5 5 431 432 431 43 43 43 43 432 431 432 421 421 421 421
321 5 5 431 432 5 421 5 5 5 431 432 431 43 43 43 43 432 431 43 43 43 43 432 431 432 5 321 321 321 31 432 431 432 421 5 321 5 5 431 432 5 421 5 5 5 431 432 431 43 43 43 43 432 431 432 5 321 321 321
421 5 5 5 5 5 5 5 5 5 431 432 431 43 43 43 43 432 431 43 43 43 43 432 5 5 431 2 21 21 21 431 43 432 5 5 421 5 5 5 5 5 5 5 5 5 431 432 431 43 43 43 43 432 5 5 431 2 21 21
5 5 5 5 5 5 5 5 5 5 431 432 431 43 43 43 43 432 431 43 43 43 43 432 5 5 5 421 421 421 41 432 431 432 5 5 5 5 5 5 5 5 5 5 5 5 431 432 431 43 43 43 43 432 5 5 5 421 421 421
321 321 321 321 321 321 5 5 5 5 431 432 431 43 43 43 43 432 431 43 43 43 43 32 321 321 321 321 321 321 31 432 431 32 321 321 321 321 321 321 321 321 5 5 5 5 431 432 431 43 43 43 43 32 321 321 321 321 321 321
21 21 21 21 21 41 432 5 5 5 431 432 431 3 43 43 32 5 431 3 43 43 32 21 21 21 21 21 21 21 21 321 321 21 21 21 21 21 21 21 21 41 432 5 5 5 431 432 431 3 43 43 32 21 21 21 21 21 21 21
421 421 421 421 41 43 432 5 431 43 43 432 321 21 31 32 421 5 321 21 31 32 421 421 421 421 21 21 21 21 421 421 421 421 421 421 421 421 421 421 41 43 432 5 431 43 43 432 321 21 31 32 421 421 421 421 21 21 21 21
321 321 5 5 431 43 432 5 5 5 431 432 421 421 421 41 432 5 421 421 421 41 432 5 5 431 42 421 421 41 432 5 431 432 5 5 321 321 5 5 431 43 432 5 5 5 431 432 421 421 421 41 432 5 5 431 42 421 421 41
42 41 432 5 431 43 432 5 5 5 5 5 5 5 5 431 432 5 5 5 5 431 432 5 321 431 432 5 5 431 432 5 5 431 432 431 42 41 432 5 431 43 432 5 5 5 5 5 5 5 5 431 432 5 321 431 432 5 5 431
43 43 432 5 431 43 432 5 5 5 5 5 5 321 5 431 432 5 5 321 5 431 432 431 4 43 432 5 5 431 432 321 321 5 5 431 43 43 432 5 431 43 432 5 5 5 5 5 5 321 5 431 432 431 4 43 432 5 5 431
43 43 432 5 431 43 432 431 43 432 5 5 431 4 432 431 432 5 431 4 432 431 432 431 43 43 32 321 321 31 43 42 41 432 5 431 43 43 432 5 431 43 432 431 43 432 5 5 431 4 432 431 432 431 43 43 32 321 321 31
43 43 432 5 431 3 432 5 5 5 5 5 431 43 432 431 432 5 431 43 432 431 432 431 43 432 421 421 421 421 431 32 31 432 5 431 43 43 432 5 431 3 432 5 5 5 5 5 431 43 432 431 432 431 43 432 421 421 421 421
32 31 432 5 5 421 5 5 5 5 5 5 431 3 432 431 432 5 431 3 432 431 432 431 3 432 5 321 321 321 321 421 421 5 31 431 32 31 432 5 5 421 5 5 5 5 5 5 431 3 432 431 432 431 3 432 5 321 321 321
421 421 5 431 43 43 432 431 43 432 5 5 321 21 321 31 432 5 321 21 321 31 432 5 421 5 431 0 0 0 0 432 5 5 21 5 421 421 5 431 43 43 432 431 43 432 5 5 321 21 321 31 432 5 421 5 431 0 0 0
321 321 321 321 321 321 321 321 321 321 321 321 21 21 21 21 321 321 21 21 21 21 321 5 321 321 321 21 21 21 21 5 321 321 21 31 32 321 321 321 321 321 321 5 321 321 321 321 21 21 21 21 5 321 321 321 321 21 21 1